ID, administrator
name, administrator
ID, 327
name, C:\Bio Rad TestStand_10041194\Main\Bio Rad Teststand.seq#MainSequence
startDateTime, 2020-09-04T04:14:01.318
endDateTime, 2020-09-04T04:25:49.831
StepType, SequenceCall
StepGrp, Main
BlockLevel, 1
Index, 9
TotalTime, 708.513
ModuleTime, 708.513
Outcome, Passed
ID, name, startDateTime, endDateTime, testReferenceID, Tag, StepType, StepGrp, BlockLevel, Index, TotalTime, ModuleTime, Outcome, ResultDataType, value, LimitComparator, LimitType, LimitValue, nonStandardUnit, LowerLimit, UpperLimit, LoopIndex, 
328, Load Bio Rad DLL, 2020-09-04T04:14:01.399, 2020-09-04T04:14:01.538, ID#:vjT50USnYkW0sYJ60awv0D, SessionAction, Action, Setup, 0, 0, 0.139001, 0.139001, Done, N.A, N.A, N.A, N.A, N.A, N.A, N.A, N.A, N.A, 
329, Put UUT, 2020-09-04T04:14:01.549, 2020-09-04T04:14:04.341, ID#:pCsUDaEDBUWb+mCAymOY1A, Test, PassFailTest, Main, 0, 0, 2.79202, 2.79202, Passed, N.A, N.A, N.A, N.A, N.A, N.A, N.A, N.A, N.A, 
330, DC Power On, 2020-09-04T04:14:04.343, 2020-09-04T04:14:04.656, ID#:f7l0w4KeGUuAgAdvy4llyA, SessionAction, Action, Main, 0, 1, 0.312619, 0.312619, Done, N.A, N.A, N.A, N.A, N.A, N.A, N.A, N.A, N.A, 
331, AC Power On, 2020-09-04T04:14:04.658, 2020-09-04T04:14:06.664, ID#:GzbbZRerW0KsOfSjLH45uD, SessionAction, Action, Main, 0, 2, 2.00652, 2.00652, Done, N.A, N.A, N.A, N.A, N.A, N.A, N.A, N.A, N.A, 
332, Find Attached Devices, 2020-09-04T04:14:06.668, 2020-09-04T04:14:41.755, ID#:3/5kcZbtdEezckeONT1yKB, Test, StringValueTest, Main, 0, 4, 35.0874, 35.0874, Passed, String, Success, EQ, Expected, Success, N.A, N.A, N.A, N.A, 
333, 12.8V No Load Test, 2020-09-04T04:14:41.759, 2020-09-04T04:14:42.982, ID#:s2EHM1jn9kGPV9WF3jYYlD, Test, NumericLimitTest, Main, 0, 6, 1.22323, 1.22323, Passed, Numeric, 12.8340144, AND, LimitPair, N.A, volt, 12.16, 13.44, N.A, 
334, 12.8V Load 30W, 2020-09-04T04:14:42.984, 2020-09-04T04:14:44.216, ID#:/PEXBGfFnUy0sBWfu6GovA, Test, NumericLimitTest, Main, 0, 7, 1.2315, 1.2315, Passed, Numeric, 12.5718222, AND, LimitPair, N.A, volt, 12.16, 13.44, N.A, 
335, 5V No Load Test, 2020-09-04T04:14:44.221, 2020-09-04T04:14:44.937, ID#:uT9QBRM1n0S0ZJX7F9++eA, Test, NumericLimitTest, Main, 0, 9, 0.716279, 0.716279, Passed, Numeric, 5.08752905, AND, LimitPair, N.A, volt, 4.75, 5.25, N.A, 
336, 5V 600mA Load, 2020-09-04T04:14:44.939, 2020-09-04T04:14:46.216, ID#:hK5y13WF/UOw/cQ9FI1UED, Test, NumericLimitTest, Main, 0, 10, 1.27687, 1.27687, Passed, Numeric, 5.04235306, AND, LimitPair, N.A, volt, 4.75, 5.25, N.A, 
337, 3.3V Voltage Check, 2020-09-04T04:14:46.220, 2020-09-04T04:14:46.940, ID#:dBBvwB2wHES0ifCY7PD/0B, Test, NumericLimitTest, Main, 0, 12, 0.719668, 0.719668, Passed, Numeric, 3.29879902, AND, LimitPair, N.A, volt, 2.85, 3.45, N.A, 
338, Battery Voltage Check, 2020-09-04T04:14:46.945, 2020-09-04T04:14:47.675, ID#:9ZyDVNqHmE+lSY/ulKlYSC, Test, NumericLimitTest, Main, 0, 14, 0.729992, 0.729992, Passed, Numeric, 3.2166664, AND, LimitPair, N.A, volt, 2.85, 3.45, N.A, 
339, Wait 10, 2020-09-04T04:14:47.677, 2020-09-04T04:14:57.677, ID#:731Py5h0n0O4z4TxEZWZlC, SessionAction, NI_Wait, Main, 0, 15, 10.0003, 10.0003, Done, N.A, N.A, N.A, N.A, N.A, N.A, N.A, N.A, N.A, 
340, Remote Command Set, 2020-09-04T04:14:57.679, 2020-09-04T04:16:05.457, ID#:rwMhfIhvkEGEPElh2WthJB, Test, PassFailTest, Main, 0, 16, 67.7782, 67.7782, Passed, N.A, N.A, N.A, N.A, N.A, N.A, N.A, N.A, N.A, 
341, Initialize SRAM and HC12, 2020-09-04T04:16:05.459, 2020-09-04T04:16:14.944, ID#:2mvB+Nka+EKbhUY+CDsGaC, Test, PassFailTest, Main, 0, 17, 9.48542, 9.48542, Passed, N.A, N.A, N.A, N.A, N.A, N.A, N.A, N.A, N.A, 
342, I2C Read Write Test, 2020-09-04T04:16:14.949, 2020-09-04T04:16:17.899, ID#:fJAamqcq2k20eyHGphq6yD, Test, PassFailTest, Main, 0, 19, 2.94977, 2.94977, Passed, Alpha VCC, 5.088197624, N.A, N.A, N.A, N.A, N.A, N.A, N.A, 
343, Get VCC Sensor Value, 2020-09-04T04:16:17.901, 2020-09-04T04:16:17.912, ID#:lLtihA257EqchQIoLTc4cD, Test, NumericLimitTest, Main, 0, 20, 0.0113144, 0.0113144, Passed, Numeric, 4.99712, AND, LimitPair, N.A, volt, 4.75, 5.25, N.A, 
344, Get 15V Sensor Value, 2020-09-04T04:16:17.914, 2020-09-04T04:16:17.924, ID#:OXQvCycUQEO2wsMJkgzwsB, Test, NumericLimitTest, Main, 0, 21, 0.0103114, 0.0103114, Passed, Numeric, 13.10136, AND, LimitPair, N.A, volt, 12.16, 13.44, N.A, 
345, Get Power Sensor Value, 2020-09-04T04:16:17.926, 2020-09-04T04:16:17.941, ID#:tq6ATEHbkk+HI/3GbKMbtB, Test, NumericLimitTest, Main, 0, 22, 0.0157215, 0.0157215, Passed, Numeric, 39.2368, AND, LimitPair, N.A, volt, 38, 42, N.A, 
346, Lid Left Sensor Test, 2020-09-04T04:16:17.943, 2020-09-04T04:16:17.953, ID#:mtZOusQhZ0aR9DOvVCf06B, Test, NumericLimitTest, Main, 0, 23, 0.0096522, 0.0096522, Passed, Numeric, 53, AND, LimitPair, N.A, N.A, 50.179, 55.456, N.A, 
347, Lid Right Sensor Test, 2020-09-04T04:16:17.954, 2020-09-04T04:16:17.964, ID#:DJXkLSdTrEC0jp7Z2uRpTB, Test, NumericLimitTest, Main, 0, 24, 0.009694, 0.009694, Passed, Numeric, 53, AND, LimitPair, N.A, N.A, 50.179, 55.456, N.A, 
348, HS Left Sensor Test, 2020-09-04T04:16:17.965, 2020-09-04T04:16:17.975, ID#:iFTOUj6L7EuXDBSu+DhS4D, Test, NumericLimitTest, Main, 0, 25, 0.0097536, 0.0097536, Passed, Numeric, 53, AND, LimitPair, N.A, N.A, 50.179, 55.456, N.A, 
349, HS Right Sensor Test, 2020-09-04T04:16:17.976, 2020-09-04T04:16:17.992, ID#:WyP2dWG4mUyCXhu6wF0rwB, Test, NumericLimitTest, Main, 0, 26, 0.0152441, 0.0152441, Passed, Numeric, 53, AND, LimitPair, N.A, N.A, 50.179, 55.456, N.A, 
350, Get Amp2 Sensor Value, 2020-09-04T04:16:17.993, 2020-09-04T04:16:18.003, ID#:+cEzB3eXu0GAFph0u4nGdD, Test, NumericLimitTest, Main, 0, 27, 0.00996, 0.00996, Passed, Numeric, 23.1, AND, LimitPair, N.A, degrees Celsius, 0, 50, N.A, 
351, Get Amp Sensor Value, 2020-09-04T04:16:18.004, 2020-09-04T04:16:18.015, ID#:ZeBOXyeCEkK/Q4rhF/s1TC, Test, NumericLimitTest, Main, 0, 28, 0.0103541, 0.0103541, Passed, Numeric, 22.5, AND, LimitPair, N.A, degrees Celsius, 0, 50, N.A, 
352, Get Power Supply Sensor Value, 2020-09-04T04:16:18.017, 2020-09-04T04:16:18.027, ID#:XJyw3lUbfk+DGfORDTDmaA, Test, NumericLimitTest, Main, 0, 29, 0.0101074, 0.0101074, Passed, Numeric, 25.4, AND, LimitPair, N.A, degrees Celsius, -50, 50, N.A, 
353, SRAM Page 0 Check, 2020-09-04T04:16:18.031, 2020-09-04T04:16:58.514, ID#:3kcqtTylf0K2d4hJ13c0gD, Test, PassFailTest, Main, 0, 31, 40.4829, 40.4829, Passed, N.A, N.A, N.A, N.A, N.A, N.A, N.A, N.A, N.A, 
354, SRAM Page 1 Check, 2020-09-04T04:16:58.516, 2020-09-04T04:16:58.989, ID#:che6FvrUSUa/xqqXpET9gD, Test, PassFailTest, Main, 0, 32, 0.472479, 0.472479, Passed, N.A, N.A, N.A, N.A, N.A, N.A, N.A, N.A, N.A, 
355, SRAM Page 2 Check, 2020-09-04T04:16:58.990, 2020-09-04T04:16:59.391, ID#:cNXE9UJMRU6lposNdl02BA, Test, PassFailTest, Main, 0, 33, 0.401293, 0.401293, Passed, N.A, N.A, N.A, N.A, N.A, N.A, N.A, N.A, N.A, 
356, SRAM Page 3 Check, 2020-09-04T04:16:59.393, 2020-09-04T04:16:59.801, ID#:YqGUbJEF9EWgJpk574R7qA, Test, PassFailTest, Main, 0, 34, 0.408238, 0.408238, Passed, N.A, N.A, N.A, N.A, N.A, N.A, N.A, N.A, N.A, 
357, Power Cycle Unit, 2020-09-04T04:16:59.802, 2020-09-04T04:17:28.473, ID#:FIYuItwZckyYuf6JOYOSVD, Test, PassFailTest, Main, 0, 35, 28.6701, 28.6701, Passed, N.A, N.A, N.A, N.A, N.A, N.A, N.A, N.A, N.A, 
358, Battery Backup Test, 2020-09-04T04:17:28.476, 2020-09-04T04:17:29.516, ID#:p4VzON2s6EWvKBxp0H3nLC, Test, PassFailTest, Main, 0, 36, 1.03979, 1.03979, Passed, N.A, N.A, N.A, N.A, N.A, N.A, N.A, N.A, N.A, 
359, Block Sensor 0 Check, 2020-09-04T04:17:29.523, 2020-09-04T04:17:29.533, ID#:Sq3nktOnbEmcuPOiOZYrGC, Test, NumericLimitTest, Main, 0, 38, 0.0101314, 0.0101314, Passed, Numeric, 52.85, AND, LimitPair, N.A, degrees Celsius, 50.179, 55.456, N.A, 
360, Block Sensor 1 Check, 2020-09-04T04:17:29.537, 2020-09-04T04:17:29.547, ID#:BbHOPCRl5Um67zlPcNi5oB, Test, NumericLimitTest, Main, 0, 39, 0.0103646, 0.0103646, Passed, Numeric, 52.85, AND, LimitPair, N.A, degrees Celsius, 50.179, 55.456, N.A, 
361, Block Sensor 2 Check, 2020-09-04T04:17:29.551, 2020-09-04T04:17:29.562, ID#:d2vFO0lGmE+F/QuX5inooA, Test, NumericLimitTest, Main, 0, 40, 0.0112063, 0.0112063, Passed, Numeric, 52.85, AND, LimitPair, N.A, degrees Celsius, 50.179, 55.456, N.A, 
362, Block Sensor 3 Check, 2020-09-04T04:17:29.566, 2020-09-04T04:17:29.575, ID#:lGDHqMrBvEe0/XaoG1N5ZC, Test, NumericLimitTest, Main, 0, 41, 0.0099594, 0.0099594, Passed, Numeric, 52.87, AND, LimitPair, N.A, degrees Celsius, 50.179, 55.456, N.A, 
363, Block Sensor 4 Check, 2020-09-04T04:17:29.579, 2020-09-04T04:17:29.593, ID#:KtKGZ/k25EWm0Ydfq9zs3D, Test, NumericLimitTest, Main, 0, 42, 0.0145763, 0.0145763, Passed, Numeric, 52.87, AND, LimitPair, N.A, degrees Celsius, 50.179, 55.456, N.A, 
364, Block Sensor 5 Check, 2020-09-04T04:17:29.597, 2020-09-04T04:17:29.607, ID#:3GZetcK/dk6icYqYr6ufRC, Test, NumericLimitTest, Main, 0, 43, 0.0101809, 0.0101809, Passed, Numeric, 52.85, AND, LimitPair, N.A, degrees Celsius, 50.179, 55.456, N.A, 
365, TE CH0 Posistive Direction Check, 2020-09-04T04:17:29.614, 2020-09-04T04:17:30.395, ID#:wft4dbLGH0OE3xVoyu02CD, Test, NumericLimitTest, Main, 0, 45, 0.780966, 0.780966, Passed, Numeric, 10.67202988333, AND, LimitPair, N.A, ampere, 10.165, 11.235, N.A, 
366, TE CH0 Negative Direction Check, 2020-09-04T04:17:30.399, 2020-09-04T04:17:31.166, ID#:LOhQjTzEUESri0TYHJJM5B, Test, NumericLimitTest, Main, 0, 46, 0.766933, 0.766933, Passed, Numeric, -10.67456993333, AND, LimitPair, N.A, ampere, -11.235, -10.165, N.A, 
367, TE CH1 Posistive Direction Check, 2020-09-04T04:17:31.170, 2020-09-04T04:17:31.944, ID#:/UGvDafsdEWLjx/wkIcdGD, Test, NumericLimitTest, Main, 0, 47, 0.774572, 0.774572, Passed, Numeric, 10.69157965, AND, LimitPair, N.A, ampere, 10.165, 11.235, N.A, 
368, TE CH1 Negative Direction Check, 2020-09-04T04:17:31.948, 2020-09-04T04:17:32.712, ID#:Dja3YmK9y0WZKpGK9X0dOB, Test, NumericLimitTest, Main, 0, 48, 0.763781, 0.763781, Passed, Numeric, -10.69343636667, AND, LimitPair, N.A, ampere, -11.235, -10.165, N.A, 
369, TE CH2 Posistive Direction Check, 2020-09-04T04:17:32.715, 2020-09-04T04:17:33.485, ID#:KJVxC0mgxESHhK9gy2wDBD, Test, NumericLimitTest, Main, 0, 49, 0.769781, 0.769781, Passed, Numeric, 10.738767, AND, LimitPair, N.A, ampere, 10.165, 11.235, N.A, 
370, TE CH2 Negative Direction Check, 2020-09-04T04:17:33.489, 2020-09-04T04:17:34.256, ID#:rm6qR2MdC0+ViheEO+3QWC, Test, NumericLimitTest, Main, 0, 50, 0.766659, 0.766659, Passed, Numeric, -10.73876143333, AND, LimitPair, N.A, ampere, -11.235, -10.165, N.A, 
371, TE CH3 Posistive Direction Check, 2020-09-04T04:17:34.259, 2020-09-04T04:17:35.027, ID#:wRiEJh5U+Eun0KY+R/t4tC, Test, NumericLimitTest, Main, 0, 51, 0.767509, 0.767509, Passed, Numeric, 10.70672571667, AND, LimitPair, N.A, ampere, 10.165, 11.235, N.A, 
372, TE CH3 Negative Direction Check, 2020-09-04T04:17:35.031, 2020-09-04T04:17:35.803, ID#:coDVB3H0dkyDIE9HayPZJB, Test, NumericLimitTest, Main, 0, 52, 0.772335, 0.772335, Passed, Numeric, -10.71186936667, AND, LimitPair, N.A, ampere, -11.235, -10.165, N.A, 
373, TE CH4 Posistive Direction Check, 2020-09-04T04:17:35.807, 2020-09-04T04:17:36.575, ID#:5MY0Qves/0Smny/+tmcmqA, Test, NumericLimitTest, Main, 0, 53, 0.767941, 0.767941, Passed, Numeric, 10.70013456667, AND, LimitPair, N.A, ampere, 10.165, 11.235, N.A, 
374, TE CH4 Negative Direction Check, 2020-09-04T04:17:36.578, 2020-09-04T04:17:37.352, ID#:Y+gR6YcIxU+RqEpITdJ/AB, Test, NumericLimitTest, Main, 0, 54, 0.773412, 0.773412, Passed, Numeric, -10.70452468333, AND, LimitPair, N.A, ampere, -11.235, -10.165, N.A, 
375, TE CH5 Posistive Direction Check, 2020-09-04T04:17:37.356, 2020-09-04T04:17:38.126, ID#:BaOtgXz+REuaodw2owY5qD, Test, NumericLimitTest, Main, 0, 55, 0.770569, 0.770569, Passed, Numeric, 10.70253508333, AND, LimitPair, N.A, ampere, 10.165, 11.235, N.A, 
376, TE CH5 Negative Direction Check, 2020-09-04T04:17:38.130, 2020-09-04T04:17:38.902, ID#:VE/CPzbXEUGoC2cohZLciB, Test, NumericLimitTest, Main, 0, 56, 0.772366, 0.772366, Passed, Numeric, -10.70201335, AND, LimitPair, N.A, ampere, -11.235, -10.165, N.A, 
377, TE CH0 4.9A Current Check, 2020-09-04T04:17:38.906, 2020-09-04T04:17:39.679, ID#:HXtev7hBbEqHckdeyDggjC, Test, NumericLimitTest, Main, 0, 57, 0.773257, 0.773257, Passed, Numeric, 4.87477635, AND, LimitPair, N.A, ampere, 4.65, 5.15, N.A, 
378, TE CH1 4.9A Current Check, 2020-09-04T04:17:39.683, 2020-09-04T04:17:40.453, ID#:E9ohR7rRd06h1Ub0N5DZyA, Test, NumericLimitTest, Main, 0, 58, 0.770005, 0.770005, Passed, Numeric, 4.913510416667, AND, LimitPair, N.A, ampere, 4.65, 5.15, N.A, 
379, TE CH2 4.9A Current Check, 2020-09-04T04:17:40.457, 2020-09-04T04:17:41.227, ID#:Y3I5o2JSWECvuZc5LEbuSC, Test, NumericLimitTest, Main, 0, 59, 0.770071, 0.770071, Passed, Numeric, 4.954688766667, AND, LimitPair, N.A, ampere, 4.65, 5.15, N.A, 
380, TE CH3 4.9A Current Check, 2020-09-04T04:17:41.231, 2020-09-04T04:17:42.009, ID#:cgTfSE0f50qk4vd7/g62eA, Test, NumericLimitTest, Main, 0, 60, 0.77869, 0.77869, Passed, Numeric, 4.860536566667, AND, LimitPair, N.A, ampere, 4.65, 5.15, N.A, 
381, TE CH4 4.9A Current Check, 2020-09-04T04:17:42.014, 2020-09-04T04:17:42.781, ID#:qZmQ+0ejzUCfnDZbcGD3FD, Test, NumericLimitTest, Main, 0, 61, 0.767177, 0.767177, Passed, Numeric, 4.932616366667, AND, LimitPair, N.A, ampere, 4.65, 5.15, N.A, 
382, TE CH5 4.9A Current Check, 2020-09-04T04:17:42.785, 2020-09-04T04:17:43.552, ID#:W+O0m6YLCUyKsJZATJ5u7D, Test, NumericLimitTest, Main, 0, 62, 0.767221, 0.767221, Passed, Numeric, 4.885872333333, AND, LimitPair, N.A, ampere, 4.65, 5.15, N.A, 
383, TE CH0 1.3A Current Check, 2020-09-04T04:17:43.555, 2020-09-04T04:17:44.327, ID#:zAMmmENuhU6nwXzNCkCpAB, Test, NumericLimitTest, Main, 0, 63, 0.771482, 0.771482, Passed, Numeric, 1.44454939, AND, LimitPair, N.A, ampere, 1.214, 1.64, N.A, 
384, TE CH1 1.3A Current Check, 2020-09-04T04:17:44.331, 2020-09-04T04:17:45.107, ID#:+mkxle4HCUuueQvr1qk9lA, Test, NumericLimitTest, Main, 0, 64, 0.776611, 0.776611, Passed, Numeric, 1.473440905, AND, LimitPair, N.A, ampere, 1.314, 1.64, N.A, 
385, TE CH2 1.3A Current Check, 2020-09-04T04:17:45.111, 2020-09-04T04:17:45.875, ID#:dQAAUs4UnE2mZArRjriTfB, Test, NumericLimitTest, Main, 0, 65, 0.764198, 0.764198, Passed, Numeric, 1.488038003333, AND, LimitPair, N.A, ampere, 1.314, 1.64, N.A, 
386, TE CH3 1.3A Current Check, 2020-09-04T04:17:45.879, 2020-09-04T04:17:46.646, ID#:/oo1b9hIYEyxdUgLN0ylID, Test, NumericLimitTest, Main, 0, 66, 0.76663, 0.76663, Passed, Numeric, 1.421197271667, AND, LimitPair, N.A, ampere, 1.314, 1.64, N.A, 
387, TE CH4 1.3A Current Check, 2020-09-04T04:17:46.650, 2020-09-04T04:17:52.820, ID#:OWUY9JrbL0y0W9igGkvdlC, Test, NumericLimitTest, Main, 0, 67, 6.17074, 6.17074, Passed, Numeric, 1.49037349, AND, LimitPair, N.A, ampere, 1.314, 1.64, 8, 
388, TE CH4 1.3A Current Check (Loop Index:0), 2020-09-04T04:17:46.650, 2020-09-04T04:17:47.416, ID#:OWUY9JrbL0y0W9igGkvdlC, Test, NumericLimitTest, Main, 0, 67, 0.766256, 0.766256, Passed, Numeric, 1.489956378333, AND, LimitPair, N.A, ampere, 1.314, 1.64, 0, 
389, TE CH4 1.3A Current Check (Loop Index:1), 2020-09-04T04:17:47.417, 2020-09-04T04:17:48.194, ID#:OWUY9JrbL0y0W9igGkvdlC, Test, NumericLimitTest, Main, 0, 67, 0.776236, 0.776236, Passed, Numeric, 1.492310746667, AND, LimitPair, N.A, ampere, 1.314, 1.64, 1, 
390, TE CH4 1.3A Current Check (Loop Index:2), 2020-09-04T04:17:48.195, 2020-09-04T04:17:48.967, ID#:OWUY9JrbL0y0W9igGkvdlC, Test, NumericLimitTest, Main, 0, 67, 0.772018, 0.772018, Passed, Numeric, 1.489418516667, AND, LimitPair, N.A, ampere, 1.314, 1.64, 2, 
391, TE CH4 1.3A Current Check (Loop Index:3), 2020-09-04T04:17:48.969, 2020-09-04T04:17:49.744, ID#:OWUY9JrbL0y0W9igGkvdlC, Test, NumericLimitTest, Main, 0, 67, 0.775664, 0.775664, Passed, Numeric, 1.491256285, AND, LimitPair, N.A, ampere, 1.314, 1.64, 3, 
392, TE CH4 1.3A Current Check (Loop Index:4), 2020-09-04T04:17:49.746, 2020-09-04T04:17:50.516, ID#:OWUY9JrbL0y0W9igGkvdlC, Test, NumericLimitTest, Main, 0, 67, 0.770608, 0.770608, Passed, Numeric, 1.489709155, AND, LimitPair, N.A, ampere, 1.314, 1.64, 4, 
393, TE CH4 1.3A Current Check (Loop Index:5), 2020-09-04T04:17:50.518, 2020-09-04T04:17:51.287, ID#:OWUY9JrbL0y0W9igGkvdlC, Test, NumericLimitTest, Main, 0, 67, 0.769015, 0.769015, Passed, Numeric, 1.491568856667, AND, LimitPair, N.A, ampere, 1.314, 1.64, 5, 
394, TE CH4 1.3A Current Check (Loop Index:6), 2020-09-04T04:17:51.288, 2020-09-04T04:17:52.052, ID#:OWUY9JrbL0y0W9igGkvdlC, Test, NumericLimitTest, Main, 0, 67, 0.763261, 0.763261, Passed, Numeric, 1.488043683333, AND, LimitPair, N.A, ampere, 1.314, 1.64, 6, 
395, TE CH4 1.3A Current Check (Loop Index:7), 2020-09-04T04:17:52.053, 2020-09-04T04:17:52.820, ID#:OWUY9JrbL0y0W9igGkvdlC, Test, NumericLimitTest, Main, 0, 67, 0.767021, 0.767021, Passed, Numeric, 1.49037349, AND, LimitPair, N.A, ampere, 1.314, 1.64, 7, 
396, TE CH5 1.3A Current Check, 2020-09-04T04:17:52.824, 2020-09-04T04:17:53.601, ID#:R0Ef4Ih3eUiMFNQqMTjZUA, Test, NumericLimitTest, Main, 0, 68, 0.776849, 0.776849, Passed, Numeric, 1.42926502, AND, LimitPair, N.A, ampere, 1.314, 1.64, 1, 
397, Heartbeat Led Test, 2020-09-04T04:17:53.605, 2020-09-04T04:19:15.764, ID#:EyKgFGEY0kqT47pLtUVfGB, Test, PassFailTest, Main, 0, 69, 82.1595, 82.1595, Passed, N.A, N.A, N.A, N.A, N.A, N.A, N.A, N.A, N.A, 
398, External Led Blinking Test, 2020-09-04T04:19:15.769, 2020-09-04T04:19:16.876, ID#:+qhaouIhzUSi4J9NjcFEqB, Test, PassFailTest, Main, 0, 70, 1.10657, 1.10657, Passed, N.A, N.A, N.A, N.A, N.A, N.A, N.A, N.A, N.A, 
399, Low Lid 1 Voltage Check, 2020-09-04T04:19:16.884, 2020-09-04T04:19:17.672, ID#:fVk977wyHUOWQIPid4rfrB, Test, NumericLimitTest, Main, 0, 72, 0.788318, 0.788318, Passed, Numeric, 19.6454432, AND, LimitPair, N.A, volt, 18.7435, 20.7165, N.A, 
400, Low Lid 2 Voltage Check, 2020-09-04T04:19:17.676, 2020-09-04T04:19:18.467, ID#:H0kPcLeDmEypF9qrc47cCD, Test, NumericLimitTest, Main, 0, 73, 0.791142, 0.791142, Passed, Numeric, 19.6718586, AND, LimitPair, N.A, volt, 18.7435, 20.7165, N.A, 
401, Hi Lid 1 Voltage Check, 2020-09-04T04:19:18.471, 2020-09-04T04:19:19.261, ID#:Kk4NQpJUCECGblV0OdhKVB, Test, NumericLimitTest, Main, 0, 74, 0.789421, 0.789421, Passed, Numeric, 34.0842591, AND, LimitPair, N.A, volt, 32.585, 36.015, N.A, 
402, Hi Lid 2 Voltage Check, 2020-09-04T04:19:19.265, 2020-09-04T04:19:20.061, ID#:MnCzhIui3U2w2Fy2/4Z6cD, Test, NumericLimitTest, Main, 0, 75, 0.795979, 0.795979, Passed, Numeric, 34.1435431, AND, LimitPair, N.A, volt, 32.585, 36.015, N.A, 
403, Fan 1 Low Speed Check, 2020-09-04T04:19:20.069, 2020-09-04T04:19:26.081, ID#:hGUIrpOepkadnsvGtzvEvB, Test, NumericLimitTest, Main, 0, 77, 6.0118, 6.0118, Passed, Numeric, 230, AND, LimitPair, N.A, R.P.M, 200, 299, N.A, 
404, Fan 2 Low Speed Check, 2020-09-04T04:19:26.085, 2020-09-04T04:19:32.099, ID#:J+6Bk150m0uQK3EcNwZZOA, Test, NumericLimitTest, Main, 0, 78, 6.01464, 6.01464, Passed, Numeric, 229, AND, LimitPair, N.A, R.P.M, 200, 299, N.A, 
405, Fan 1 Medium Speed Check, 2020-09-04T04:19:32.106, 2020-09-04T04:19:38.118, ID#:INxiJIvKOE+nZv2U4fXukD, Test, NumericLimitTest, Main, 0, 79, 6.01257, 6.01257, Passed, Numeric, 344, AND, LimitPair, N.A, RPM, 300, 380, N.A, 
406, Fan 2 Medium Speed Check, 2020-09-04T04:19:38.122, 2020-09-04T04:19:44.134, ID#:UodXYDKwr02HGJwlhCMtnD, Test, NumericLimitTest, Main, 0, 80, 6.01178, 6.01178, Passed, Numeric, 344, AND, LimitPair, N.A, RPM, 300, 380, N.A, 
407, Fan 1 Hi Speed Check, 2020-09-04T04:19:44.138, 2020-09-04T04:19:50.151, ID#:B/WFyM9y60KjkQEbbA97WA, Test, NumericLimitTest, Main, 0, 81, 6.01247, 6.01247, Passed, Numeric, 453, AND, LimitPair, N.A, RPM, 380, 500, N.A, 
408, Fan 2 Hi Speed Check, 2020-09-04T04:19:50.155, 2020-09-04T04:19:56.167, ID#:Wl7hUYmQ/kCMSrIckmlBdD, Test, NumericLimitTest, Main, 0, 82, 6.01255, 6.01255, Passed, Numeric, 453, AND, LimitPair, N.A, RPM, 380, 500, N.A, 
409, RT Lid Voltage Check, 2020-09-04T04:19:56.175, 2020-09-04T04:19:56.916, ID#:PJJXVEbWFEa13k+DySJgaC, Test, NumericLimitTest, Main, 0, 84, 0.740466, 0.740466, Passed, Numeric, 39.6707013, AND, LimitPair, N.A, volt, 38, 42, N.A, 
410, Beep Check, 2020-09-04T04:19:56.924, 2020-09-04T04:20:04.525, ID#:EqzyXG3DBkyWUZnL9CfwwA, Test, PassFailTest, Main, 0, 86, 7.6006, 7.6006, Passed, N.A, N.A, N.A, N.A, N.A, N.A, N.A, N.A, N.A, 
411, Load All Load 1 Min, 2020-09-04T04:20:04.530, 2020-09-04T04:21:05.555, ID#:lpso/9wtqUaXEmf9sr7MWA, SessionAction, Action, Main, 0, 87, 61.0253, 61.0253, Done, N.A, N.A, N.A, N.A, N.A, N.A, N.A, N.A, N.A, 
412, 12.8V Load 30W, 2020-09-04T04:21:05.560, 2020-09-04T04:21:06.710, ID#:bL07cwx0MEuslFkQRPVE3C, Test, NumericLimitTest, Main, 0, 88, 1.15004, 1.15004, Passed, Numeric, 12.5740639, AND, LimitPair, N.A, volt, 12.16, 13.44, N.A, 
413, 5V 600mA Load, 2020-09-04T04:21:06.714, 2020-09-04T04:21:08.210, ID#:JuBFW+012kqlhm5xYV+AQD, Test, NumericLimitTest, Main, 0, 89, 1.49603, 1.49603, Passed, Numeric, 5.03220694, AND, LimitPair, N.A, volt, 4.75, 5.25, N.A, 
414, TE CH0 10.5A Current Check, 2020-09-04T04:21:08.214, 2020-09-04T04:21:08.981, ID#:pNI7DpsMY0yXDt+MhjQC2C, Test, NumericLimitTest, Main, 0, 90, 0.766163, 0.766163, Passed, Numeric, 10.68394808333, AND, LimitPair, N.A, ampere, 10.165, 11.235, N.A, 
415, TE CH1 10.5A Current Check, 2020-09-04T04:21:08.984, 2020-09-04T04:21:09.754, ID#:kPT6D26WDkiAnuv0hwrpkD, Test, NumericLimitTest, Main, 0, 91, 0.76989, 0.76989, Passed, Numeric, 10.70543451667, AND, LimitPair, N.A, ampere, 10.165, 11.235, N.A, 
416, TE CH2 10.5A Current Check, 2020-09-04T04:21:09.758, 2020-09-04T04:21:10.526, ID#:fWmorY1ie0qBEWbqoC41EC, Test, NumericLimitTest, Main, 0, 92, 0.767552, 0.767552, Passed, Numeric, 10.74166713333, AND, LimitPair, N.A, ampere, 10.165, 11.235, N.A, 
417, TE CH3 10.5A Current Check, 2020-09-04T04:21:10.531, 2020-09-04T04:21:11.302, ID#:VL9oMFcI1U2qOiu+O/DxOB, Test, NumericLimitTest, Main, 0, 93, 0.770777, 0.770777, Passed, Numeric, 10.7170104, AND, LimitPair, N.A, ampere, 10.165, 11.235, N.A, 
418, TE CH4 10.5A Current Check, 2020-09-04T04:21:11.306, 2020-09-04T04:21:12.078, ID#:kyCRkKaUE0G0AdwgW2iu5A, Test, NumericLimitTest, Main, 0, 94, 0.771607, 0.771607, Passed, Numeric, 10.71044966667, AND, LimitPair, N.A, ampere, 10.165, 11.235, N.A, 
419, TE CH5 10.5A Current Check, 2020-09-04T04:21:12.082, 2020-09-04T04:21:12.854, ID#:kQP4ME5NuEu3Titg5yMjeC, Test, NumericLimitTest, Main, 0, 95, 0.77229, 0.77229, Passed, Numeric, 10.70592043333, AND, LimitPair, N.A, ampere, 10.165, 11.235, N.A, 
420, Low Lid 1 Voltage Check, 2020-09-04T04:21:12.858, 2020-09-04T04:21:13.645, ID#:XyvbZrjmmE2GS7uXBrkYDA, Test, NumericLimitTest, Main, 0, 96, 0.786288, 0.786288, Passed, Numeric, 19.6433614, AND, LimitPair, N.A, volt, 18.7435, 20.7165, N.A, 
421, Low Lid 2 Voltage Check, 2020-09-04T04:21:13.649, 2020-09-04T04:21:14.445, ID#:5oho99YAAkKJEgYduWK1TD, Test, NumericLimitTest, Main, 0, 97, 0.79585, 0.79585, Passed, Numeric, 19.6705112, AND, LimitPair, N.A, volt, 18.7435, 20.7165, N.A, 
422, Hi Lid 1 Voltage Check, 2020-09-04T04:21:14.449, 2020-09-04T04:21:15.235, ID#:gdWzxdWVRk+7KKdqdLY60A, Test, NumericLimitTest, Main, 0, 98, 0.786171, 0.786171, Passed, Numeric, 34.0795246, AND, LimitPair, N.A, volt, 32.585, 36.015, N.A, 
423, Hi Lid 2 Voltage Check, 2020-09-04T04:21:15.239, 2020-09-04T04:21:16.028, ID#:Q15tZPkZr0CugWTEKKsaCB, Test, NumericLimitTest, Main, 0, 99, 0.789583, 0.789583, Passed, Numeric, 34.1446396, AND, LimitPair, N.A, volt, 32.585, 36.015, N.A, 
424, Unoad All Load, 2020-09-04T04:21:16.033, 2020-09-04T04:21:18.055, ID#:lNo269sh5EGs4Lbws/hkUA, SessionAction, Action, Main, 0, 100, 2.02236, 2.02236, Done, N.A, N.A, N.A, N.A, N.A, N.A, N.A, N.A, N.A, 
425, Satelite Display and Keypad Check, 2020-09-04T04:21:18.063, 2020-09-04T04:24:08.705, ID#:qFQZ2SAKR0OvejZsPSBDzD, Test, PassFailTest, Main, 0, 102, 170.642, 170.642, Passed, N.A, N.A, N.A, N.A, N.A, N.A, N.A, N.A, N.A, 
426, Protocol Creation Check, 2020-09-04T04:24:08.709, 2020-09-04T04:24:13.114, ID#:kdiQkBMZ9kWTLfqUqQZfzB, Test, PassFailTest, Main, 0, 103, 4.40491, 4.40491, Passed, N.A, N.A, N.A, N.A, N.A, N.A, N.A, N.A, N.A, 
427, Protocol Delete Check, 2020-09-04T04:24:13.118, 2020-09-04T04:24:15.594, ID#:/dELZBxRiUyfgYpnbQmdzB, Test, PassFailTest, Main, 0, 104, 2.47593, 2.47593, Passed, N.A, N.A, N.A, N.A, N.A, N.A, N.A, N.A, N.A, 
428, Remote Command Set, 2020-09-04T04:24:15.599, 2020-09-04T04:25:22.961, ID#:/sf35Wk+CEeV02sYnp9QgA, Test, PassFailTest, Main, 0, 105, 67.3626, 67.3626, Passed, N.A, N.A, N.A, N.A, N.A, N.A, N.A, N.A, N.A, 
429, Initialize SRAM and HC12, 2020-09-04T04:25:22.965, 2020-09-04T04:25:32.458, ID#:KSTbIXibA0WJCfcONXYX0D, Test, PassFailTest, Main, 0, 106, 9.49306, 9.49306, Passed, N.A, N.A, N.A, N.A, N.A, N.A, N.A, N.A, N.A, 
430, Power Off, 2020-09-04T04:25:32.474, 2020-09-04T04:25:34.494, ID#:+HcHQC/MrEW6zKqBfNUvNB, SessionAction, Action, Cleanup, 0, 0, 2.02023, 2.02023, Done, N.A, N.A, N.A, N.A, N.A, N.A, N.A, N.A, N.A, 
431, DC Power Off, 2020-09-04T04:25:34.498, 2020-09-04T04:25:34.820, ID#:uHxAHNpOc02A2ZVKR0dFLB, SessionAction, Action, Cleanup, 0, 1, 0.321767, 0.321767, Done, N.A, N.A, N.A, N.A, N.A, N.A, N.A, N.A, N.A, 
432, Wait 10, 2020-09-04T04:25:34.826, 2020-09-04T04:25:49.827, ID#:vYX24mrHDEm0g32FqlewxC, SessionAction, NI_Wait, Cleanup, 0, 2, 15.001, 15.001, Done, N.A, N.A, N.A, N.A, N.A, N.A, N.A, N.A, N.A, 
