ID, administrator
name, administrator
ID, 2873
name, C:\Bio Rad TestStand_10041194\Main\Bio Rad Teststand.seq#MainSequence
startDateTime, 2020-08-25T00:16:55.827
endDateTime, 2020-08-25T00:24:27.697
StepType, SequenceCall
StepGrp, Main
BlockLevel, 1
Index, 9
TotalTime, 451.871
ModuleTime, 451.871
Outcome, Passed
ID, name, startDateTime, endDateTime, testReferenceID, Tag, StepType, StepGrp, BlockLevel, Index, TotalTime, ModuleTime, Outcome, ResultDataType, value, LimitComparator, LimitType, LimitValue, nonStandardUnit, LowerLimit, UpperLimit, LoopIndex, 
2874, Load Bio Rad DLL, 2020-08-25T00:16:55.885, 2020-08-25T00:16:55.886, ID#:vjT50USnYkW0sYJ60awv0D, SessionAction, Action, Setup, 0, 0, 0.0012088, 0.0012088, Done, N.A, N.A, N.A, N.A, N.A, N.A, N.A, N.A, N.A, 
2875, Put UUT, 2020-08-25T00:16:55.908, 2020-08-25T00:16:58.451, ID#:pCsUDaEDBUWb+mCAymOY1A, Test, PassFailTest, Main, 0, 0, 2.54314, 2.54314, Passed, N.A, N.A, N.A, N.A, N.A, N.A, N.A, N.A, N.A, 
2876, DC Power On, 2020-08-25T00:16:58.468, 2020-08-25T00:16:58.793, ID#:f7l0w4KeGUuAgAdvy4llyA, SessionAction, Action, Main, 0, 1, 0.325171, 0.325171, Done, N.A, N.A, N.A, N.A, N.A, N.A, N.A, N.A, N.A, 
2877, AC Power On, 2020-08-25T00:16:58.795, 2020-08-25T00:17:00.664, ID#:GzbbZRerW0KsOfSjLH45uD, SessionAction, Action, Main, 0, 2, 1.86892, 1.86892, Done, N.A, N.A, N.A, N.A, N.A, N.A, N.A, N.A, N.A, 
2878, Find Attached Devices, 2020-08-25T00:17:00.667, 2020-08-25T00:17:15.748, ID#:3/5kcZbtdEezckeONT1yKB, Test, StringValueTest, Main, 0, 4, 15.0804, 15.0804, Passed, String, Success, EQ, Expected, Success, N.A, N.A, N.A, N.A, 
2879, 12.8V No Load Test, 2020-08-25T00:17:15.751, 2020-08-25T00:17:16.977, ID#:s2EHM1jn9kGPV9WF3jYYlD, Test, NumericLimitTest, Main, 0, 6, 1.22552, 1.22552, Passed, Numeric, 12.8395724, AND, LimitPair, N.A, volt, 12.16, 13.44, N.A, 
2880, 12.8V Load 30W, 2020-08-25T00:17:16.979, 2020-08-25T00:17:18.299, ID#:/PEXBGfFnUy0sBWfu6GovA, Test, NumericLimitTest, Main, 0, 7, 1.32057, 1.32057, Passed, Numeric, 12.6173979, AND, LimitPair, N.A, volt, 12.16, 13.44, N.A, 
2881, 5V No Load Test, 2020-08-25T00:17:18.303, 2020-08-25T00:17:19.032, ID#:uT9QBRM1n0S0ZJX7F9++eA, Test, NumericLimitTest, Main, 0, 9, 0.728385, 0.728385, Passed, Numeric, 5.09700144, AND, LimitPair, N.A, volt, 4.75, 5.25, N.A, 
2882, 5V 600mA Load, 2020-08-25T00:17:19.034, 2020-08-25T00:17:20.299, ID#:hK5y13WF/UOw/cQ9FI1UED, Test, NumericLimitTest, Main, 0, 10, 1.2656, 1.2656, Passed, Numeric, 5.01391392, AND, LimitPair, N.A, volt, 4.75, 5.25, N.A, 
2883, 3.3V Voltage Check, 2020-08-25T00:17:20.303, 2020-08-25T00:17:21.014, ID#:dBBvwB2wHES0ifCY7PD/0B, Test, NumericLimitTest, Main, 0, 12, 0.711272, 0.711272, Passed, Numeric, 3.32598543, AND, LimitPair, N.A, volt, 2.85, 3.45, N.A, 
2884, Battery Voltage Check, 2020-08-25T00:17:21.018, 2020-08-25T00:17:21.733, ID#:9ZyDVNqHmE+lSY/ulKlYSC, Test, NumericLimitTest, Main, 0, 14, 0.715353, 0.715353, Passed, Numeric, 3.21846487, AND, LimitPair, N.A, volt, 2.85, 3.45, N.A, 
2885, Wait 10, 2020-08-25T00:17:21.735, 2020-08-25T00:17:31.735, ID#:731Py5h0n0O4z4TxEZWZlC, SessionAction, NI_Wait, Main, 0, 15, 10.0002, 10.0002, Done, N.A, N.A, N.A, N.A, N.A, N.A, N.A, N.A, N.A, 
2886, Remote Command Set, 2020-08-25T00:17:31.737, 2020-08-25T00:18:39.143, ID#:rwMhfIhvkEGEPElh2WthJB, Test, PassFailTest, Main, 0, 16, 67.4067, 67.4067, Passed, N.A, N.A, N.A, N.A, N.A, N.A, N.A, N.A, N.A, 
2887, Initialize SRAM and HC12, 2020-08-25T00:18:39.145, 2020-08-25T00:18:48.632, ID#:2mvB+Nka+EKbhUY+CDsGaC, Test, PassFailTest, Main, 0, 17, 9.48691, 9.48691, Passed, N.A, N.A, N.A, N.A, N.A, N.A, N.A, N.A, N.A, 
2888, I2C Read Write Test, 2020-08-25T00:18:48.636, 2020-08-25T00:18:51.490, ID#:fJAamqcq2k20eyHGphq6yD, Test, PassFailTest, Main, 0, 19, 2.85419, 2.85419, Passed, Alpha VCC, 5.097511488, N.A, N.A, N.A, N.A, N.A, N.A, N.A, 
2889, Get VCC Sensor Value, 2020-08-25T00:18:51.492, 2020-08-25T00:18:51.502, ID#:lLtihA257EqchQIoLTc4cD, Test, NumericLimitTest, Main, 0, 20, 0.0101452, 0.0101452, Passed, Numeric, 5.01176, AND, LimitPair, N.A, volt, 4.75, 5.25, N.A, 
2890, Get 15V Sensor Value, 2020-08-25T00:18:51.503, 2020-08-25T00:18:51.519, ID#:OXQvCycUQEO2wsMJkgzwsB, Test, NumericLimitTest, Main, 0, 21, 0.0157377, 0.0157377, Passed, Numeric, 13.0824, AND, LimitPair, N.A, volt, 12.16, 13.44, N.A, 
2891, Get Power Sensor Value, 2020-08-25T00:18:51.521, 2020-08-25T00:18:51.531, ID#:tq6ATEHbkk+HI/3GbKMbtB, Test, NumericLimitTest, Main, 0, 22, 0.0100242, 0.0100242, Passed, Numeric, 39.182, AND, LimitPair, N.A, volt, 38, 42, N.A, 
2892, Lid Left Sensor Test, 2020-08-25T00:18:51.532, 2020-08-25T00:18:51.542, ID#:mtZOusQhZ0aR9DOvVCf06B, Test, NumericLimitTest, Main, 0, 23, 0.0096316, 0.0096316, Passed, Numeric, 53, AND, LimitPair, N.A, N.A, 50.179, 55.456, N.A, 
2893, Lid Right Sensor Test, 2020-08-25T00:18:51.543, 2020-08-25T00:18:51.553, ID#:DJXkLSdTrEC0jp7Z2uRpTB, Test, NumericLimitTest, Main, 0, 24, 0.0097548, 0.0097548, Passed, Numeric, 53, AND, LimitPair, N.A, N.A, 50.179, 55.456, N.A, 
2894, HS Left Sensor Test, 2020-08-25T00:18:51.554, 2020-08-25T00:18:51.570, ID#:iFTOUj6L7EuXDBSu+DhS4D, Test, NumericLimitTest, Main, 0, 25, 0.0153359, 0.0153359, Passed, Numeric, 53, AND, LimitPair, N.A, N.A, 50.179, 55.456, N.A, 
2895, HS Right Sensor Test, 2020-08-25T00:18:51.571, 2020-08-25T00:18:51.581, ID#:WyP2dWG4mUyCXhu6wF0rwB, Test, NumericLimitTest, Main, 0, 26, 0.0097047, 0.0097047, Passed, Numeric, 53, AND, LimitPair, N.A, N.A, 50.179, 55.456, N.A, 
2896, Get Amp2 Sensor Value, 2020-08-25T00:18:51.582, 2020-08-25T00:18:51.593, ID#:+cEzB3eXu0GAFph0u4nGdD, Test, NumericLimitTest, Main, 0, 27, 0.0103784, 0.0103784, Passed, Numeric, 23.7, AND, LimitPair, N.A, degrees Celsius, 0, 50, N.A, 
2897, Get Amp Sensor Value, 2020-08-25T00:18:51.594, 2020-08-25T00:18:51.605, ID#:ZeBOXyeCEkK/Q4rhF/s1TC, Test, NumericLimitTest, Main, 0, 28, 0.0102954, 0.0102954, Passed, Numeric, 23.6, AND, LimitPair, N.A, degrees Celsius, 0, 50, N.A, 
2898, Get Power Supply Sensor Value, 2020-08-25T00:18:51.606, 2020-08-25T00:18:51.620, ID#:XJyw3lUbfk+DGfORDTDmaA, Test, NumericLimitTest, Main, 0, 29, 0.0140767, 0.0140767, Passed, Numeric, 25.4, AND, LimitPair, N.A, degrees Celsius, -50, 50, N.A, 
2899, SRAM Page 0 Check, 2020-08-25T00:18:51.624, 2020-08-25T00:19:32.042, ID#:3kcqtTylf0K2d4hJ13c0gD, Test, PassFailTest, Main, 0, 31, 40.4184, 40.4184, Passed, N.A, N.A, N.A, N.A, N.A, N.A, N.A, N.A, N.A, 
2900, SRAM Page 1 Check, 2020-08-25T00:19:32.044, 2020-08-25T00:19:32.518, ID#:che6FvrUSUa/xqqXpET9gD, Test, PassFailTest, Main, 0, 32, 0.474489, 0.474489, Passed, N.A, N.A, N.A, N.A, N.A, N.A, N.A, N.A, N.A, 
2901, SRAM Page 2 Check, 2020-08-25T00:19:32.520, 2020-08-25T00:19:32.919, ID#:cNXE9UJMRU6lposNdl02BA, Test, PassFailTest, Main, 0, 33, 0.399654, 0.399654, Passed, N.A, N.A, N.A, N.A, N.A, N.A, N.A, N.A, N.A, 
2902, SRAM Page 3 Check, 2020-08-25T00:19:32.921, 2020-08-25T00:19:33.329, ID#:YqGUbJEF9EWgJpk574R7qA, Test, PassFailTest, Main, 0, 34, 0.408366, 0.408366, Passed, N.A, N.A, N.A, N.A, N.A, N.A, N.A, N.A, N.A, 
2903, Power Cycle Unit, 2020-08-25T00:19:33.331, 2020-08-25T00:20:01.941, ID#:FIYuItwZckyYuf6JOYOSVD, Test, PassFailTest, Main, 0, 35, 28.6104, 28.6104, Passed, N.A, N.A, N.A, N.A, N.A, N.A, N.A, N.A, N.A, 
2904, Battery Backup Test, 2020-08-25T00:20:01.945, 2020-08-25T00:20:02.992, ID#:p4VzON2s6EWvKBxp0H3nLC, Test, PassFailTest, Main, 0, 36, 1.04724, 1.04724, Passed, N.A, N.A, N.A, N.A, N.A, N.A, N.A, N.A, N.A, 
2905, Block Sensor 0 Check, 2020-08-25T00:20:02.999, 2020-08-25T00:20:03.010, ID#:Sq3nktOnbEmcuPOiOZYrGC, Test, NumericLimitTest, Main, 0, 38, 0.0101271, 0.0101271, Passed, Numeric, 52.82, AND, LimitPair, N.A, degrees Celsius, 50.179, 55.456, N.A, 
2906, Block Sensor 1 Check, 2020-08-25T00:20:03.013, 2020-08-25T00:20:03.023, ID#:BbHOPCRl5Um67zlPcNi5oB, Test, NumericLimitTest, Main, 0, 39, 0.0100217, 0.0100217, Passed, Numeric, 52.82, AND, LimitPair, N.A, degrees Celsius, 50.179, 55.456, N.A, 
2907, Block Sensor 2 Check, 2020-08-25T00:20:03.026, 2020-08-25T00:20:03.042, ID#:d2vFO0lGmE+F/QuX5inooA, Test, NumericLimitTest, Main, 0, 40, 0.0157116, 0.0157116, Passed, Numeric, 52.82, AND, LimitPair, N.A, degrees Celsius, 50.179, 55.456, N.A, 
2908, Block Sensor 3 Check, 2020-08-25T00:20:03.046, 2020-08-25T00:20:03.057, ID#:lGDHqMrBvEe0/XaoG1N5ZC, Test, NumericLimitTest, Main, 0, 41, 0.0112302, 0.0112302, Passed, Numeric, 52.82, AND, LimitPair, N.A, degrees Celsius, 50.179, 55.456, N.A, 
2909, Block Sensor 4 Check, 2020-08-25T00:20:03.060, 2020-08-25T00:20:03.070, ID#:KtKGZ/k25EWm0Ydfq9zs3D, Test, NumericLimitTest, Main, 0, 42, 0.0101191, 0.0101191, Passed, Numeric, 52.82, AND, LimitPair, N.A, degrees Celsius, 50.179, 55.456, N.A, 
2910, Block Sensor 5 Check, 2020-08-25T00:20:03.074, 2020-08-25T00:20:03.087, ID#:3GZetcK/dk6icYqYr6ufRC, Test, NumericLimitTest, Main, 0, 43, 0.0133029, 0.0133029, Passed, Numeric, 52.8, AND, LimitPair, N.A, degrees Celsius, 50.179, 55.456, N.A, 
2911, TE CH0 Posistive Direction Check, 2020-08-25T00:20:03.094, 2020-08-25T00:20:03.856, ID#:wft4dbLGH0OE3xVoyu02CD, Test, NumericLimitTest, Main, 0, 45, 0.761825, 0.761825, Passed, Numeric, 10.79078738333, AND, LimitPair, N.A, ampere, 10.165, 11.235, N.A, 
2912, TE CH0 Negative Direction Check, 2020-08-25T00:20:03.860, 2020-08-25T00:20:04.622, ID#:LOhQjTzEUESri0TYHJJM5B, Test, NumericLimitTest, Main, 0, 46, 0.761755, 0.761755, Passed, Numeric, -10.79091733333, AND, LimitPair, N.A, ampere, -11.235, -10.165, N.A, 
2913, TE CH1 Posistive Direction Check, 2020-08-25T00:20:04.626, 2020-08-25T00:20:05.396, ID#:/UGvDafsdEWLjx/wkIcdGD, Test, NumericLimitTest, Main, 0, 47, 0.770106, 0.770106, Passed, Numeric, 10.81156133333, AND, LimitPair, N.A, ampere, 10.165, 11.235, N.A, 
2914, TE CH1 Negative Direction Check, 2020-08-25T00:20:05.400, 2020-08-25T00:20:06.165, ID#:Dja3YmK9y0WZKpGK9X0dOB, Test, NumericLimitTest, Main, 0, 48, 0.765061, 0.765061, Passed, Numeric, -10.80571741667, AND, LimitPair, N.A, ampere, -11.235, -10.165, N.A, 
2915, TE CH2 Posistive Direction Check, 2020-08-25T00:20:06.169, 2020-08-25T00:20:06.932, ID#:KJVxC0mgxESHhK9gy2wDBD, Test, NumericLimitTest, Main, 0, 49, 0.763363, 0.763363, Passed, Numeric, 10.82317915, AND, LimitPair, N.A, ampere, 10.165, 11.235, N.A, 
2916, TE CH2 Negative Direction Check, 2020-08-25T00:20:06.936, 2020-08-25T00:20:07.697, ID#:rm6qR2MdC0+ViheEO+3QWC, Test, NumericLimitTest, Main, 0, 50, 0.761123, 0.761123, Passed, Numeric, -10.8225895, AND, LimitPair, N.A, ampere, -11.235, -10.165, N.A, 
2917, TE CH3 Posistive Direction Check, 2020-08-25T00:20:07.701, 2020-08-25T00:20:08.465, ID#:wRiEJh5U+Eun0KY+R/t4tC, Test, NumericLimitTest, Main, 0, 51, 0.764669, 0.764669, Passed, Numeric, 10.74441161667, AND, LimitPair, N.A, ampere, 10.165, 11.235, N.A, 
2918, TE CH3 Negative Direction Check, 2020-08-25T00:20:08.469, 2020-08-25T00:20:09.232, ID#:coDVB3H0dkyDIE9HayPZJB, Test, NumericLimitTest, Main, 0, 52, 0.762988, 0.762988, Passed, Numeric, -10.7408351, AND, LimitPair, N.A, ampere, -11.235, -10.165, N.A, 
2919, TE CH4 Posistive Direction Check, 2020-08-25T00:20:09.236, 2020-08-25T00:20:09.997, ID#:5MY0Qves/0Smny/+tmcmqA, Test, NumericLimitTest, Main, 0, 53, 0.761011, 0.761011, Passed, Numeric, 10.79156455, AND, LimitPair, N.A, ampere, 10.165, 11.235, N.A, 
2920, TE CH4 Negative Direction Check, 2020-08-25T00:20:10.001, 2020-08-25T00:20:10.772, ID#:Y+gR6YcIxU+RqEpITdJ/AB, Test, NumericLimitTest, Main, 0, 54, 0.771535, 0.771535, Passed, Numeric, -10.79347276667, AND, LimitPair, N.A, ampere, -11.235, -10.165, N.A, 
2921, TE CH5 Posistive Direction Check, 2020-08-25T00:20:10.776, 2020-08-25T00:20:11.547, ID#:BaOtgXz+REuaodw2owY5qD, Test, NumericLimitTest, Main, 0, 55, 0.771509, 0.771509, Passed, Numeric, 10.72391241667, AND, LimitPair, N.A, ampere, 10.165, 11.235, N.A, 
2922, TE CH5 Negative Direction Check, 2020-08-25T00:20:11.551, 2020-08-25T00:20:12.316, ID#:VE/CPzbXEUGoC2cohZLciB, Test, NumericLimitTest, Main, 0, 56, 0.764607, 0.764607, Passed, Numeric, -10.72253025, AND, LimitPair, N.A, ampere, -11.235, -10.165, N.A, 
2923, TE CH0 4.9A Current Check, 2020-08-25T00:20:12.320, 2020-08-25T00:20:13.081, ID#:HXtev7hBbEqHckdeyDggjC, Test, NumericLimitTest, Main, 0, 57, 0.761061, 0.761061, Passed, Numeric, 4.9440414, AND, LimitPair, N.A, ampere, 4.65, 5.15, N.A, 
2924, TE CH1 4.9A Current Check, 2020-08-25T00:20:13.085, 2020-08-25T00:20:13.847, ID#:E9ohR7rRd06h1Ub0N5DZyA, Test, NumericLimitTest, Main, 0, 58, 0.762642, 0.762642, Passed, Numeric, 4.9499749, AND, LimitPair, N.A, ampere, 4.65, 5.15, N.A, 
2925, TE CH2 4.9A Current Check, 2020-08-25T00:20:13.851, 2020-08-25T00:20:14.613, ID#:Y3I5o2JSWECvuZc5LEbuSC, Test, NumericLimitTest, Main, 0, 59, 0.76166, 0.76166, Passed, Numeric, 4.955852583333, AND, LimitPair, N.A, ampere, 4.65, 5.15, N.A, 
2926, TE CH3 4.9A Current Check, 2020-08-25T00:20:14.617, 2020-08-25T00:20:15.373, ID#:cgTfSE0f50qk4vd7/g62eA, Test, NumericLimitTest, Main, 0, 60, 0.756052, 0.756052, Passed, Numeric, 4.945908, AND, LimitPair, N.A, ampere, 4.65, 5.15, N.A, 
2927, TE CH4 4.9A Current Check, 2020-08-25T00:20:15.376, 2020-08-25T00:20:16.147, ID#:qZmQ+0ejzUCfnDZbcGD3FD, Test, NumericLimitTest, Main, 0, 61, 0.770459, 0.770459, Passed, Numeric, 4.9542878, AND, LimitPair, N.A, ampere, 4.65, 5.15, N.A, 
2928, TE CH5 4.9A Current Check, 2020-08-25T00:20:16.159, 2020-08-25T00:20:16.927, ID#:W+O0m6YLCUyKsJZATJ5u7D, Test, NumericLimitTest, Main, 0, 62, 0.767375, 0.767375, Passed, Numeric, 4.951050683333, AND, LimitPair, N.A, ampere, 4.65, 5.15, N.A, 
2929, TE CH0 1.3A Current Check, 2020-08-25T00:20:16.930, 2020-08-25T00:20:17.697, ID#:zAMmmENuhU6nwXzNCkCpAB, Test, NumericLimitTest, Main, 0, 63, 0.766482, 0.766482, Passed, Numeric, 1.498295495, AND, LimitPair, N.A, ampere, 1.214, 1.64, N.A, 
2930, TE CH1 1.3A Current Check, 2020-08-25T00:20:17.701, 2020-08-25T00:20:18.467, ID#:+mkxle4HCUuueQvr1qk9lA, Test, NumericLimitTest, Main, 0, 64, 0.766318, 0.766318, Passed, Numeric, 1.50325745, AND, LimitPair, N.A, ampere, 1.314, 1.64, N.A, 
2931, TE CH2 1.3A Current Check, 2020-08-25T00:20:18.471, 2020-08-25T00:20:19.241, ID#:dQAAUs4UnE2mZArRjriTfB, Test, NumericLimitTest, Main, 0, 65, 0.770054, 0.770054, Passed, Numeric, 1.495369731667, AND, LimitPair, N.A, ampere, 1.314, 1.64, N.A, 
2932, TE CH3 1.3A Current Check, 2020-08-25T00:20:19.246, 2020-08-25T00:20:20.046, ID#:/oo1b9hIYEyxdUgLN0ylID, Test, NumericLimitTest, Main, 0, 66, 0.800571, 0.800571, Passed, Numeric, 1.500148438333, AND, LimitPair, N.A, ampere, 1.314, 1.64, N.A, 
2933, TE CH4 1.3A Current Check, 2020-08-25T00:20:20.059, 2020-08-25T00:20:26.391, ID#:OWUY9JrbL0y0W9igGkvdlC, Test, NumericLimitTest, Main, 0, 67, 6.33195, 6.33195, Passed, Numeric, 1.501982375, AND, LimitPair, N.A, ampere, 1.314, 1.64, 8, 
2934, TE CH4 1.3A Current Check (Loop Index:0), 2020-08-25T00:20:20.059, 2020-08-25T00:20:20.848, ID#:OWUY9JrbL0y0W9igGkvdlC, Test, NumericLimitTest, Main, 0, 67, 0.788311, 0.788311, Passed, Numeric, 1.501455978333, AND, LimitPair, N.A, ampere, 1.314, 1.64, 0, 
2935, TE CH4 1.3A Current Check (Loop Index:1), 2020-08-25T00:20:20.850, 2020-08-25T00:20:21.647, ID#:OWUY9JrbL0y0W9igGkvdlC, Test, NumericLimitTest, Main, 0, 67, 0.796985, 0.796985, Passed, Numeric, 1.501237056667, AND, LimitPair, N.A, ampere, 1.314, 1.64, 1, 
2936, TE CH4 1.3A Current Check (Loop Index:2), 2020-08-25T00:20:21.649, 2020-08-25T00:20:22.440, ID#:OWUY9JrbL0y0W9igGkvdlC, Test, NumericLimitTest, Main, 0, 67, 0.791408, 0.791408, Passed, Numeric, 1.500930083333, AND, LimitPair, N.A, ampere, 1.314, 1.64, 2, 
2937, TE CH4 1.3A Current Check (Loop Index:3), 2020-08-25T00:20:22.442, 2020-08-25T00:20:23.231, ID#:OWUY9JrbL0y0W9igGkvdlC, Test, NumericLimitTest, Main, 0, 67, 0.789093, 0.789093, Passed, Numeric, 1.50234933, AND, LimitPair, N.A, ampere, 1.314, 1.64, 3, 
2938, TE CH4 1.3A Current Check (Loop Index:4), 2020-08-25T00:20:23.233, 2020-08-25T00:20:24.019, ID#:OWUY9JrbL0y0W9igGkvdlC, Test, NumericLimitTest, Main, 0, 67, 0.785282, 0.785282, Passed, Numeric, 1.501775033333, AND, LimitPair, N.A, ampere, 1.314, 1.64, 4, 
2939, TE CH4 1.3A Current Check (Loop Index:5), 2020-08-25T00:20:24.021, 2020-08-25T00:20:24.813, ID#:OWUY9JrbL0y0W9igGkvdlC, Test, NumericLimitTest, Main, 0, 67, 0.791801, 0.791801, Passed, Numeric, 1.502597356667, AND, LimitPair, N.A, ampere, 1.314, 1.64, 5, 
2940, TE CH4 1.3A Current Check (Loop Index:6), 2020-08-25T00:20:24.815, 2020-08-25T00:20:25.600, ID#:OWUY9JrbL0y0W9igGkvdlC, Test, NumericLimitTest, Main, 0, 67, 0.784861, 0.784861, Passed, Numeric, 1.503136335, AND, LimitPair, N.A, ampere, 1.314, 1.64, 6, 
2941, TE CH4 1.3A Current Check (Loop Index:7), 2020-08-25T00:20:25.602, 2020-08-25T00:20:26.391, ID#:OWUY9JrbL0y0W9igGkvdlC, Test, NumericLimitTest, Main, 0, 67, 0.788652, 0.788652, Passed, Numeric, 1.501982375, AND, LimitPair, N.A, ampere, 1.314, 1.64, 7, 
2942, TE CH5 1.3A Current Check, 2020-08-25T00:20:26.396, 2020-08-25T00:20:27.181, ID#:R0Ef4Ih3eUiMFNQqMTjZUA, Test, NumericLimitTest, Main, 0, 68, 0.785207, 0.785207, Passed, Numeric, 1.500071616667, AND, LimitPair, N.A, ampere, 1.314, 1.64, 1, 
2943, Heartbeat Led Test, 2020-08-25T00:20:27.186, 2020-08-25T00:20:40.033, ID#:EyKgFGEY0kqT47pLtUVfGB, Test, PassFailTest, Main, 0, 69, 12.8468, 12.8468, Passed, N.A, N.A, N.A, N.A, N.A, N.A, N.A, N.A, N.A, 
2944, External Led Blinking Test, 2020-08-25T00:20:40.037, 2020-08-25T00:20:40.307, ID#:+qhaouIhzUSi4J9NjcFEqB, Test, PassFailTest, Main, 0, 70, 0.270163, 0.270163, Passed, N.A, N.A, N.A, N.A, N.A, N.A, N.A, N.A, N.A, 
2945, Low Lid 1 Voltage Check, 2020-08-25T00:20:40.330, 2020-08-25T00:20:41.106, ID#:fVk977wyHUOWQIPid4rfrB, Test, NumericLimitTest, Main, 0, 72, 0.775665, 0.775665, Passed, Numeric, 19.6211633, AND, LimitPair, N.A, volt, 18.7435, 20.7165, N.A, 
2946, Low Lid 2 Voltage Check, 2020-08-25T00:20:41.110, 2020-08-25T00:20:41.897, ID#:H0kPcLeDmEypF9qrc47cCD, Test, NumericLimitTest, Main, 0, 73, 0.786698, 0.786698, Passed, Numeric, 19.6718643, AND, LimitPair, N.A, volt, 18.7435, 20.7165, N.A, 
2947, Hi Lid 1 Voltage Check, 2020-08-25T00:20:41.900, 2020-08-25T00:20:42.682, ID#:Kk4NQpJUCECGblV0OdhKVB, Test, NumericLimitTest, Main, 0, 74, 0.781952, 0.781952, Passed, Numeric, 34.0231455, AND, LimitPair, N.A, volt, 32.585, 36.015, N.A, 
2948, Hi Lid 2 Voltage Check, 2020-08-25T00:20:42.688, 2020-08-25T00:20:43.481, ID#:MnCzhIui3U2w2Fy2/4Z6cD, Test, NumericLimitTest, Main, 0, 75, 0.79261, 0.79261, Passed, Numeric, 34.1270269, AND, LimitPair, N.A, volt, 32.585, 36.015, N.A, 
2949, Fan 1 Low Speed Check, 2020-08-25T00:20:43.489, 2020-08-25T00:20:49.501, ID#:hGUIrpOepkadnsvGtzvEvB, Test, NumericLimitTest, Main, 0, 77, 6.01231, 6.01231, Passed, Numeric, 234, AND, LimitPair, N.A, R.P.M, 200, 299, N.A, 
2950, Fan 2 Low Speed Check, 2020-08-25T00:20:49.505, 2020-08-25T00:20:55.517, ID#:J+6Bk150m0uQK3EcNwZZOA, Test, NumericLimitTest, Main, 0, 78, 6.01153, 6.01153, Passed, Numeric, 227, AND, LimitPair, N.A, R.P.M, 200, 299, N.A, 
2951, Fan 1 Medium Speed Check, 2020-08-25T00:20:55.521, 2020-08-25T00:21:01.532, ID#:INxiJIvKOE+nZv2U4fXukD, Test, NumericLimitTest, Main, 0, 79, 6.01124, 6.01124, Passed, Numeric, 344, AND, LimitPair, N.A, RPM, 300, 380, N.A, 
2952, Fan 2 Medium Speed Check, 2020-08-25T00:21:01.536, 2020-08-25T00:21:07.549, ID#:UodXYDKwr02HGJwlhCMtnD, Test, NumericLimitTest, Main, 0, 80, 6.01252, 6.01252, Passed, Numeric, 344, AND, LimitPair, N.A, RPM, 300, 380, N.A, 
2953, Fan 1 Hi Speed Check, 2020-08-25T00:21:07.553, 2020-08-25T00:21:13.565, ID#:B/WFyM9y60KjkQEbbA97WA, Test, NumericLimitTest, Main, 0, 81, 6.01154, 6.01154, Passed, Numeric, 453, AND, LimitPair, N.A, RPM, 380, 500, N.A, 
2954, Fan 2 Hi Speed Check, 2020-08-25T00:21:13.568, 2020-08-25T00:21:19.578, ID#:Wl7hUYmQ/kCMSrIckmlBdD, Test, NumericLimitTest, Main, 0, 82, 6.00965, 6.00965, Passed, Numeric, 454, AND, LimitPair, N.A, RPM, 380, 500, N.A, 
2955, RT Lid Voltage Check, 2020-08-25T00:21:19.588, 2020-08-25T00:21:20.323, ID#:PJJXVEbWFEa13k+DySJgaC, Test, NumericLimitTest, Main, 0, 84, 0.735793, 0.735793, Passed, Numeric, 39.6731538, AND, LimitPair, N.A, volt, 38, 42, N.A, 
2956, Beep Check, 2020-08-25T00:21:20.331, 2020-08-25T00:21:26.904, ID#:EqzyXG3DBkyWUZnL9CfwwA, Test, PassFailTest, Main, 0, 86, 6.57274, 6.57274, Passed, N.A, N.A, N.A, N.A, N.A, N.A, N.A, N.A, N.A, 
2957, Load All Load 1 Min, 2020-08-25T00:21:26.923, 2020-08-25T00:22:27.945, ID#:lpso/9wtqUaXEmf9sr7MWA, SessionAction, Action, Main, 0, 87, 61.022, 61.022, Done, N.A, N.A, N.A, N.A, N.A, N.A, N.A, N.A, N.A, 
2958, 12.8V Load 30W, 2020-08-25T00:22:27.949, 2020-08-25T00:22:29.294, ID#:bL07cwx0MEuslFkQRPVE3C, Test, NumericLimitTest, Main, 0, 88, 1.34498, 1.34498, Passed, Numeric, 12.5995381, AND, LimitPair, N.A, volt, 12.16, 13.44, N.A, 
2959, 5V 600mA Load, 2020-08-25T00:22:29.309, 2020-08-25T00:22:30.794, ID#:JuBFW+012kqlhm5xYV+AQD, Test, NumericLimitTest, Main, 0, 89, 1.48558, 1.48558, Passed, Numeric, 5.00380248, AND, LimitPair, N.A, volt, 4.75, 5.25, N.A, 
2960, TE CH0 10.5A Current Check, 2020-08-25T00:22:30.798, 2020-08-25T00:22:31.557, ID#:pNI7DpsMY0yXDt+MhjQC2C, Test, NumericLimitTest, Main, 0, 90, 0.758533, 0.758533, Passed, Numeric, 10.79806855, AND, LimitPair, N.A, ampere, 10.165, 11.235, N.A, 
2961, TE CH1 10.5A Current Check, 2020-08-25T00:22:31.560, 2020-08-25T00:22:32.324, ID#:kPT6D26WDkiAnuv0hwrpkD, Test, NumericLimitTest, Main, 0, 91, 0.763983, 0.763983, Passed, Numeric, 10.81919893333, AND, LimitPair, N.A, ampere, 10.165, 11.235, N.A, 
2962, TE CH2 10.5A Current Check, 2020-08-25T00:22:32.328, 2020-08-25T00:22:33.094, ID#:fWmorY1ie0qBEWbqoC41EC, Test, NumericLimitTest, Main, 0, 92, 0.765938, 0.765938, Passed, Numeric, 10.8252704, AND, LimitPair, N.A, ampere, 10.165, 11.235, N.A, 
2963, TE CH3 10.5A Current Check, 2020-08-25T00:22:33.098, 2020-08-25T00:22:33.856, ID#:VL9oMFcI1U2qOiu+O/DxOB, Test, NumericLimitTest, Main, 0, 93, 0.757581, 0.757581, Passed, Numeric, 10.74332871667, AND, LimitPair, N.A, ampere, 10.165, 11.235, N.A, 
2964, TE CH4 10.5A Current Check, 2020-08-25T00:22:33.859, 2020-08-25T00:22:34.617, ID#:kyCRkKaUE0G0AdwgW2iu5A, Test, NumericLimitTest, Main, 0, 94, 0.757504, 0.757504, Passed, Numeric, 10.80020223333, AND, LimitPair, N.A, ampere, 10.165, 11.235, N.A, 
2965, TE CH5 10.5A Current Check, 2020-08-25T00:22:34.621, 2020-08-25T00:22:35.380, ID#:kQP4ME5NuEu3Titg5yMjeC, Test, NumericLimitTest, Main, 0, 95, 0.759191, 0.759191, Passed, Numeric, 10.73729775, AND, LimitPair, N.A, ampere, 10.165, 11.235, N.A, 
2966, Low Lid 1 Voltage Check, 2020-08-25T00:22:35.384, 2020-08-25T00:22:36.161, ID#:XyvbZrjmmE2GS7uXBrkYDA, Test, NumericLimitTest, Main, 0, 96, 0.776878, 0.776878, Passed, Numeric, 19.6176179, AND, LimitPair, N.A, volt, 18.7435, 20.7165, N.A, 
2967, Low Lid 2 Voltage Check, 2020-08-25T00:22:36.165, 2020-08-25T00:22:36.946, ID#:5oho99YAAkKJEgYduWK1TD, Test, NumericLimitTest, Main, 0, 97, 0.78092, 0.78092, Passed, Numeric, 19.6710536, AND, LimitPair, N.A, volt, 18.7435, 20.7165, N.A, 
2968, Hi Lid 1 Voltage Check, 2020-08-25T00:22:36.950, 2020-08-25T00:22:37.731, ID#:gdWzxdWVRk+7KKdqdLY60A, Test, NumericLimitTest, Main, 0, 98, 0.781333, 0.781333, Passed, Numeric, 34.0177024, AND, LimitPair, N.A, volt, 32.585, 36.015, N.A, 
2969, Hi Lid 2 Voltage Check, 2020-08-25T00:22:37.735, 2020-08-25T00:22:38.510, ID#:Q15tZPkZr0CugWTEKKsaCB, Test, NumericLimitTest, Main, 0, 99, 0.775716, 0.775716, Passed, Numeric, 34.1258091, AND, LimitPair, N.A, volt, 32.585, 36.015, N.A, 
2970, Unoad All Load, 2020-08-25T00:22:38.514, 2020-08-25T00:22:40.531, ID#:lNo269sh5EGs4Lbws/hkUA, SessionAction, Action, Main, 0, 100, 2.01671, 2.01671, Done, N.A, N.A, N.A, N.A, N.A, N.A, N.A, N.A, N.A, 
2971, Satelite Display and Keypad Check, 2020-08-25T00:22:40.566, 2020-08-25T00:22:47.275, ID#:qFQZ2SAKR0OvejZsPSBDzD, Test, PassFailTest, Main, 0, 102, 6.70923, 6.70923, Passed, N.A, N.A, N.A, N.A, N.A, N.A, N.A, N.A, N.A, 
2972, Protocol Creation Check, 2020-08-25T00:22:47.294, 2020-08-25T00:22:52.226, ID#:kdiQkBMZ9kWTLfqUqQZfzB, Test, PassFailTest, Main, 0, 103, 4.93246, 4.93246, Passed, N.A, N.A, N.A, N.A, N.A, N.A, N.A, N.A, N.A, 
2973, Protocol Delete Check, 2020-08-25T00:22:52.245, 2020-08-25T00:22:53.866, ID#:/dELZBxRiUyfgYpnbQmdzB, Test, PassFailTest, Main, 0, 104, 1.62119, 1.62119, Passed, N.A, N.A, N.A, N.A, N.A, N.A, N.A, N.A, N.A, 
2974, Remote Command Set, 2020-08-25T00:22:53.886, 2020-08-25T00:24:00.895, ID#:/sf35Wk+CEeV02sYnp9QgA, Test, PassFailTest, Main, 0, 105, 67.0097, 67.0097, Passed, N.A, N.A, N.A, N.A, N.A, N.A, N.A, N.A, N.A, 
2975, Initialize SRAM and HC12, 2020-08-25T00:24:00.899, 2020-08-25T00:24:10.385, ID#:KSTbIXibA0WJCfcONXYX0D, Test, PassFailTest, Main, 0, 106, 9.48544, 9.48544, Passed, N.A, N.A, N.A, N.A, N.A, N.A, N.A, N.A, N.A, 
2976, Power Off, 2020-08-25T00:24:10.399, 2020-08-25T00:24:12.347, ID#:+HcHQC/MrEW6zKqBfNUvNB, SessionAction, Action, Cleanup, 0, 0, 1.94808, 1.94808, Done, N.A, N.A, N.A, N.A, N.A, N.A, N.A, N.A, N.A, 
2977, DC Power Off, 2020-08-25T00:24:12.351, 2020-08-25T00:24:12.670, ID#:uHxAHNpOc02A2ZVKR0dFLB, SessionAction, Action, Cleanup, 0, 1, 0.318706, 0.318706, Done, N.A, N.A, N.A, N.A, N.A, N.A, N.A, N.A, N.A, 
2978, Wait 10, 2020-08-25T00:24:12.674, 2020-08-25T00:24:27.674, ID#:vYX24mrHDEm0g32FqlewxC, SessionAction, NI_Wait, Cleanup, 0, 2, 15.0003, 15.0003, Done, N.A, N.A, N.A, N.A, N.A, N.A, N.A, N.A, N.A, 
